-26.06414 -57.148293
-17.809809 -65.0665
8.549466 -23.672758
4.9597087 -45.83322
-8.820819 -44.29546
12.949311 -52.225685
-47.368065 -21.667658
-15.071727 -64.61069
9.532841 -33.33378
-27.147564 -59.746
-13.879868 -67.87811
-36.30976 -18.196594
-23.103493 -44.321342
4.542918 -57.667835
-2.9073822 -48.31218
-26.012478 -57.21586
28.2658 -51.52097
6.9548683 -12.754788
4.730286 -28.922535
17.866108 -53.0504
-48.456524 -17.819126
7.246826 -36.08288
4.290336 -41.41923
4.304635 -39.467205
-34.144283 -24.466593
12.591658 -54.718884
0.04743161 -28.522675
14.4693575 -43.71762
-2.6542556 -54.569603
5.084472 -55.072582
-19.531153 -45.499077
1.1668279 -23.984543
-44.93263 -20.951206
-12.732396 -68.896194
-14.706198 -66.65095
-17.213818 -39.149475
-44.598682 -17.122604
3.3299348 -32.976276
27.355616 -52.58031
0.7196663 -26.759518
-41.487766 -22.293371
2.909831 -28.474451
21.801304 -51.46975
-49.40316 -21.140413
-23.507946 -59.033497
-34.163303 -24.418236
-14.977106 -70.838326
-22.837727 -61.31125
14.140037 -43.572273
15.1597395 -44.718204
-7.856593 -43.745472
-19.529118 -67.12768
-40.20041 -20.76526
19.536533 -45.693264
-38.434246 -19.875849
-21.116999 -49.711452
-0.11949477 -62.37699
-6.2378554 -27.680304
2.8214965 -27.870634
12.302648 -44.478306
-21.701565 -44.613728
-4.296172 -64.09755
0.063992076 -28.551126
23.300266 -50.388737
-33.474144 -24.971642
27.606285 -49.754845
-7.7102146 -42.270065
-15.29329 -35.818123
-0.8928672 -51.281376
-19.802 -62.194115
9.3669815 -46.258595
16.937822 -53.14528
14.173189 -48.71848
-20.828495 -49.24683
-43.91377 -22.40222
1.7399598 -20.70504
5.3660483 5.0564694
20.665405 -46.68672
11.897143 -44.71792
-29.170692 -64.934235
-26.427593 -62.72071
-13.738839 -41.75919
-15.407221 -62.159664
4.0972967 -38.848915
-22.041744 -63.98955
18.45155 -54.485214
8.410868 -47.109077
5.67064 5.4812584
-22.606049 -38.58274
-22.01635 -52.134087
-45.49868 -18.676674
-1.3109196 -29.922094
22.222097 -52.37614
17.032934 -43.940952
11.556959 -45.154705
-43.772278 -24.059414
-2.228851 -23.789894
-20.820219 -40.44972
7.99649 -24.462559
3.5050726 -39.378185
-8.23664 -43.043415
1.6420903 -21.919123
6.0367184 -54.464462
-21.396532 -64.20651
-24.479574 -58.13471
5.480886 -43.360588
4.495227 -42.710495
-14.887154 -42.03833
5.747079 -22.47128
21.977875 -52.78302
-24.468756 -54.247444
8.698523 -24.443348
15.017694 -53.452137
5.4613304 5.6984243
5.689 -21.049412
-16.288372 -70.04104
-18.106512 -43.96746
-19.682951 -45.34958
7.2777143 -15.42353
-7.5798826 -42.689903
-25.678627 -42.137703
7.9262547 -55.36804
-19.875414 -65.18202
-38.093704 -20.170807
-23.154583 -46.41153
-25.431833 -48.133583
-11.649896 -43.286205
16.416058 -44.426186
4.460888 -53.824337
11.743497 -34.827244
-21.655672 -44.920273
-16.676884 -43.87618
-43.516895 -23.975277
14.192731 -50.171192
8.461588 -19.925482
8.34572 -19.013529
5.5466723 -20.536247
-14.5046835 -38.5105
7.250427 -23.754745
-26.597982 -51.88483
-19.33464 -35.678364
-17.984394 -37.10678
27.110474 -52.21028
12.804453 -33.529995
-24.542376 -52.292877
7.980633 -24.44643
5.004565 -16.81439
11.938244 -54.585445
-41.6676 -17.42071
-24.175356 -65.33286
8.829123 -37.67579
0.0766445 -62.35422
-7.05177 -42.23799
-8.793083 -42.744164
5.0102177 -40.528957
-42.675137 -17.594458
27.026443 -48.443317
-27.598299 -63.136723
26.330215 -50.900703
-12.369722 -69.49449
-16.826029 -64.40046
-4.8083787 -24.317276
5.6186376 -57.736732
17.251808 -52.737167
-39.29729 -20.626059
15.184854 -43.167202
7.2240014 -14.119918
3.7152975 5.4346914
25.849382 -51.727886
4.967559 -57.505405
-2.6079926 -54.569256
-46.646454 -19.933714
-4.172445 -47.964317
8.383971 -47.1725
21.769196 -51.284958
-20.817444 -57.962074
-24.155378 -54.77085
-2.8489597 -62.803616
-20.238878 -40.013462
4.084483 -50.884083
22.641016 -51.455814
-2.0258343 -62.007915
-14.377218 -40.537262
-19.882336 -67.05029
-0.05884299 -28.623634
-27.174856 -63.26879
-17.138548 -39.09562
-20.725496 -44.182896
7.8725147 -31.741936
-0.576489 -59.991894
-41.30145 -20.560444
0.8571027 -52.564396
20.950766 -51.634468
-21.537783 -60.59153
-23.89579 -66.11474
-3.3155253 -64.52314
-23.541048 -66.56474
-34.159832 -24.7182
-45.934597 -18.856258
-21.989628 -59.21156
-20.835213 -63.581142
-47.13757 -20.847078
28.01204 -48.6068
-47.485935 -18.446434
-42.07101 -22.188665
23.900621 -51.391323
2.818098 -17.892572
-4.2696953 -46.70837
8.645385 -13.344463
0.019947074 -62.203705
-45.988087 -22.407969
12.386164 -52.466885
-25.686045 -66.934944
-8.448312 -41.264652
-14.546698 -68.180016
-25.105782 -64.7929
-17.551779 -41.73197
-24.377962 -40.659985
-48.276302 -20.842222
-13.868986 -66.18541
-10.097639 -43.807297
-15.057933 -61.659958
-13.459728 -42.77006
-15.21407 -64.618454
-27.278246 -55.166157
-3.0323608 -22.141733
-13.8948 -63.238785
-22.364153 -42.403667
-10.116578 -41.186
-14.330292 -34.900597
-14.076521 -41.749672
-17.92954 -42.82918
-14.949817 -69.64762
15.234673 -50.55292
8.235386 -49.37856
4.41678 -61.59512
9.34656 -44.212772
-1.3387132 -27.406504
-26.244333 -62.778587
-21.849232 -43.145016
-26.987215 -55.776966
-45.64656 -21.47201
0.3443789 -51.8819
-33.593903 -16.648258
1.3985906 -22.148785
-26.284876 -64.68646
7.2832522 -34.09113
-4.6112194 17.302986
15.031566 -49.414173
4.666465 -18.545313
4.058392 -55.7909
18.862692 -52.435215
-10.3545885 -44.127953
7.2621183 -19.665598
-26.22897 -38.629185
-27.471556 -45.9818
3.5214946 -48.16885
1.3288385 -23.307028
-4.090229 -63.168922
3.705451 -25.758537
1.0474406 -22.195301
18.255142 -45.685802
-20.043312 -38.114902
-27.674429 -57.022324
-24.102234 -42.247673
12.324729 -25.18931
-42.22354 -22.567677
-2.01261 -25.684898
-7.67742 -40.72855
-24.429066 -48.55389
-19.219995 -48.71057
-19.826557 -40.76241
10.311175 -22.118675
-27.751257 -63.03853
11.260475 -46.167362
-25.463186 -63.050583
-15.749138 -66.34372
3.5149596 -48.133045
-45.960747 -20.422123
7.6774883 -44.12807
-22.56377 -53.68896
8.165675 -40.73904
-14.858478 -66.72477
9.158826 -51.88983
2.7960625 -29.854046
-14.675713 -72.650185
-3.1715536 -48.433804
0.95845073 -21.783524
28.771921 -50.609245
-48.183525 -20.2884
-22.516363 -38.5592
-19.877476 -64.38613
17.12386 -47.41437
-16.718248 -41.287533
6.0919356 5.399422
4.750139 -19.887018
22.147715 -52.71348
-20.198055 -50.75421
-2.2562475 -28.909727
12.268252 -44.474556
26.708761 -49.76741
3.365197 -49.855648
-24.903585 -58.084694
-11.583403 -43.633118
4.6341276 -17.743807
-23.38086 -41.078007
22.753374 -54.375553
-25.076458 -42.58169
-0.9934959 -24.745129
-21.238634 -48.080353
-19.541153 -51.642147
-18.686281 -64.363594
-24.640533 -50.42827
16.12538 -54.172573
18.729227 -44.628567
-36.02593 -18.00415
6.9445715 -10.450326
-17.77624 -66.35088
-19.442783 -37.34395
-28.061863 -54.6214
-25.305944 -56.19911
-16.394613 -42.38253
-19.594322 -62.99984
24.629276 -51.96793
-25.386145 -48.257
-46.94648 -21.763685
-27.448526 -45.959053
3.006734 -28.503847
-24.82314 -61.150536
-15.821459 -65.527885
5.007698 -57.36066
-45.94988 -23.405792
-48.034935 -19.904715
0.48918313 -31.710634
-15.913911 -65.394646
1.4167688 -28.86354
-18.810335 -38.12047
7.0961967 -46.54851
-13.674921 -67.25662
-22.301544 -61.983093
-3.3941326 -60.58539
2.4829545 -58.029945
17.413963 -54.073936
5.804452 -19.729105
-17.64961 -50.39458
-20.575274 -61.582508
15.273446 -49.89953
10.004159 -37.346992
8.483235 -17.392889
4.539771 -18.522167
6.17679 -54.33728
4.501126 -42.448105
21.526266 -54.518635
5.1177654 -56.904057
-17.210747 -42.414333
-20.139517 -36.39943
-15.358238 -62.06257
-47.135788 -23.649078
5.58704 -53.589733
26.622139 -49.590256
-19.559855 -61.286892
-1.5855423 -48.662422
8.843892 -21.506277
1.3193908 -25.03691
-22.490767 -59.0851
13.076496 -50.626015
13.724799 -25.730196
7.036685 -10.586282
28.210909 -50.103127
-18.08709 -40.357353
25.71292 -50.23535
3.3680415 -55.0905
-23.37507 -44.026337
-15.5776205 -42.063717
2.229503 -23.58076
-1.7879893 -29.247896
4.103833 -22.95792
6.3711596 -54.09962
-25.79888 -58.45811
20.770924 -51.280636
-42.90412 -17.767132
-48.583458 -21.821455
-22.61052 -62.158936
9.608873 -49.337845
-29.483398 -54.78709
-22.141327 -46.571426
7.938261 -31.871555
-15.091227 -67.99524
12.347596 -25.229067
-4.2728424 -25.077078
-34.144283 -24.466593
5.206955 -56.00038
5.2374616 -21.768951
17.904488 -41.238583
-16.563442 -67.530556
-24.22739 -48.541687
-26.418518 -58.396656
-26.972406 -60.6372
-21.844442 -48.301163
7.9974074 -22.106117
-23.374165 -58.947075
-20.469103 -49.27049
-41.920933 -23.120201
27.349527 -51.63938
14.440028 -52.247074
-23.39717 -61.873013
-1.6054982 -63.03576
-13.714807 -67.352936
-16.236073 -65.72724
5.52254 -41.932076
-0.01925271 -52.0523
-42.310715 -19.07777
-23.740067 -37.32113
-7.4462433 -47.964073
7.121691 -14.66455
8.461236 -18.87666
0.8374391 13.580791
-15.327334 -60.094273
-26.69229 -58.47591
-27.556149 -57.357445
24.291021 -50.03719
-26.530922 -57.493378
17.47861 -53.31889
-23.541792 -61.590923
4.4749103 -55.326454
-14.584063 -72.12807
5.308006 -25.450212
9.180331 -49.383347
-20.522118 -63.039715
17.939648 -49.74388
-19.632122 -43.649696
-42.741688 -17.824232
4.218639 10.0261
-21.205866 -41.431236
-14.442275 -71.35866
-4.196338 -47.89557
-3.1690469 -48.459454
-22.23181 -39.780266
5.644606 -57.74848
8.721486 -52.78792
3.0116208 -53.042145
26.939985 -51.68689
-23.582731 -55.659195
-48.68611 -21.998291
0.76696837 -59.994823
-7.4064384 -29.366219
2.2358234 -57.96587
8.40126 -45.04138
17.254189 -13.125369
-24.095144 -55.801823
-47.6433 -21.093987
-12.507351 -69.33504
-25.536673 -57.02625
23.681814 -49.929535
-1.3600336 -26.1986
-45.476357 -20.310472
-8.422177 -26.826042
-21.194187 -65.74624
-18.833723 -42.3281
-16.873737 -42.83153
15.944855 -53.209705
-23.292286 -46.571552
9.888722 -32.809013
-26.404455 -56.60524
-25.603552 -64.63194
25.645668 -51.68508
-10.393356 -41.748505
3.2523808 -47.71893
4.336822 -26.967886
-34.14395 -24.466581
-16.640503 -42.380955
-22.122541 -37.060825
7.1890264 -44.176735
-23.225939 -63.769707
-24.504616 -53.204834
-24.409145 -60.11129
-15.235335 -62.658363
8.430107 -45.38952
-38.42797 -19.764362
-20.440626 -49.11901
7.17026 -9.698403
-46.00854 -17.887123
1.7763988 -53.837082
-0.11989582 -54.04779
3.9086452 -37.366287
0.73803455 -24.391022
-27.412771 -65.838165
-2.7077162 13.517403
-11.477895 -41.56165
3.783995 -20.110756
-9.714295 -20.068724
-14.971556 -70.96699
-23.805506 -67.97542
-2.998071 -22.249763
-7.355226 -41.363937
-24.018806 -53.997818
-24.394869 -54.260643
12.264116 -46.0648
1.0630587 -23.861183
27.585716 -51.164925
5.681371 5.4638305
-21.863327 -33.98922
-10.892368 -41.83243
2.9281445 -23.31149
-1.3088667 -62.418526
18.285173 -51.906986
-9.711565 -20.102823
-2.4069893 -64.77024
34.456417 12.08881
1.3110822 -26.911839
-16.554607 -38.146564
-20.667896 -41.326885
16.172817 -38.36289
-3.9324489 -25.753475
-48.54944 -22.931656
-9.724882 -19.895681
-2.3961852 -48.60468
8.376023 -33.187313
-20.892975 -44.646095
-28.656384 -62.06845
-40.439457 -21.047115
21.015455 -52.284416
9.338515 -44.704178
-16.69531 -60.58949
-41.190517 -20.428001
14.921327 -55.185135
4.5423703 -55.50248
0.065361835 -38.80567
-9.717672 -20.144764
-12.479595 -69.12952
-18.348522 -51.710144
-22.286266 -52.292274
-28.251928 -62.97852
4.3146605 -34.184494
-42.96044 -21.350834
14.332454 -48.829147
-16.848541 -65.97236
-28.82486 -61.615932
-4.765215 -64.807144
-45.739235 -22.373169
10.048141 -44.25568
-47.932655 -19.294207
-9.976814 -70.44012
-33.610218 -24.962116
-21.368431 -43.831905
6.32211 -37.653492
2.635815 -51.880676
8.392507 -55.309933
-0.5211309 -60.760185
22.395618 8.10027
-6.1027045 -27.145487
-40.40546 -18.538048
-10.637418 -43.57038
8.855082 -49.256905
-36.454796 -18.325113
-20.935364 -67.60531
-43.51896 -18.88632
14.512434 -51.622528
3.1669662 -37.348255
-15.426376 -35.688255
5.8896275 -53.16674
5.7766104 -49.02105
4.1203365 -42.106487
-4.8238335 -24.19611
7.9607744 -38.978794
-46.874077 -19.28149
5.341237 -38.576862
6.925651 -40.558357
-16.211851 -41.754883
-21.400364 -46.343452
4.437783 -34.45084
-21.470606 -62.044483
8.0966 -9.945447
-17.942642 -66.47828
-8.804026 -43.198994
9.63567 -33.165173
2.863733 -22.87906
-18.684465 -41.218346
14.489298 -48.86289
-3.410878 -64.2989
-0.67914253 -29.572672
8.746586 -22.816586
6.485939 -36.187397
5.0382886 -37.115433
-19.841084 -36.9758
-19.659277 -40.46481
0.7035511 -31.536203
-47.24737 -22.924578
-13.233198 -64.76243
1.4470721 -21.720451
-23.357342 -43.740128
10.5441265 -46.617188
2.069839 -22.1127
1.4715989 -20.753222
-19.96516 -66.96931
-19.587124 -51.501255
6.6061635 -40.198593
1.6963067 -26.671051
-36.337227 -18.2682
28.329857 -51.730946
0.18368958 -39.322124
0.9862444 -26.536442
-22.618366 -44.519707
3.5980976 -33.133163
-29.044405 -64.858925
9.441002 -35.314938
-22.96456 -67.13109
4.9487834 -25.40214
-26.06389 -46.60865
-23.914553 -53.58765
21.44641 -51.351772
-46.29429 -18.685297
28.463959 -50.198505
7.9796906 -16.406797
6.7388744 -46.872322
-29.686373 -54.729733
-43.6466 -17.38834
-47.647633 -22.172153
12.31153 -46.341904
16.798624 -47.990295
-27.131397 -49.99831
10.141177 -46.98826
-0.7788597 13.275729
-5.643816 -63.34428
5.5452657 -27.949253
16.920536 -53.037056
-33.90748 -18.062897
-4.853182 -62.9052
12.838263 -33.652054
-24.639965 -62.04612
-19.519957 -36.334698
-8.734943 -26.118132
2.1701431 -42.29031
12.635145 -49.86749
9.625889 -45.894505
1.3324081 -21.51428
-15.478511 -67.836174
-23.759657 -37.36056
28.291992 -48.888813
-0.38997215 -61.028248
-27.855156 -63.379143
-7.4944534 -43.425816
-22.122158 -42.136963
18.840511 -47.959103
-11.969226 -69.65863
-49.086926 -19.642574
0.11694855 -38.355885
-22.981066 -35.48706
-25.732704 -58.304897
17.600689 -47.99049
-3.2498672 -63.196426
-45.118027 -22.215174
-35.766563 -17.871643
-35.470337 -17.451403
-9.88014 -70.50192
-14.108147 -36.59925
-1.4932377 -24.908602
15.141376 -48.772697
8.852626 -21.669436
-8.671288 -39.009666
9.823635 -49.795086
15.996234 -44.762325
-20.629118 -65.611465
-44.76134 -19.893456
0.47536486 -31.975832
14.1481905 -50.297447
3.1980457 -36.89951
-21.769178 -34.016502
0.4048297 14.935038
16.755348 -55.38277
28.107267 -50.004566
10.125543 -45.914913
6.370022 -17.93346
-1.5430205 -28.162462
6.8417726 5.7694144
9.051512 -44.10095
-19.04178 -38.605175
-20.549026 -43.109917
19.999567 -49.708046
25.943567 -52.15238
9.214651 -30.29083
-23.392412 -45.05579
-22.52622 -48.34962
-17.916416 -63.353943
19.28834 -45.031887
-20.764267 -62.70501
-11.9282 -40.80299
6.262477 -53.204365
21.055935 -54.13554
-1.196852 12.397999
19.033985 -44.03726
-43.615063 -19.843037
-2.6996307 14.38021
-49.34342 -22.263647
-25.367252 -59.79587
5.971235 -54.403664
-26.799484 -54.280983
8.882794 -34.721405
-21.40557 -37.097908
-33.836617 -18.101543
-21.739944 -63.847164
-16.789751 -60.964577
-1.533756 -62.096767
-21.845438 -57.650005
-19.653158 -45.405266
18.163595 -51.706066
-3.161056 -64.10712
-18.707516 -37.249836
-22.201973 -65.732445
18.347683 -50.753494
4.665519 -28.695808
5.4388347 -38.85363
9.573508 -49.23283
-8.194243 -28.675608
-18.236107 -63.317562
4.4022818 -18.59679
1.1388718 -52.772327
-24.491531 -39.759975
0.8038227 -19.75
6.258112 -20.50175
-22.970612 -49.214558
13.425721 -53.81954
-18.038527 -40.40792
-24.954756 -65.549706
-0.37196568 -23.170046
-17.08664 -62.10726
-22.430191 -38.701916
-26.712126 -54.093052
16.851397 -43.688683
-23.756403 -36.368496
-8.896177 -38.415844
-16.31492 -64.824036
24.640917 -48.86801
-20.335148 -65.33226
-0.54540485 -51.811653
6.365307 -40.533337
18.287037 -44.4456
-24.453964 -38.294136
10.43113 -36.28756
7.8318143 -35.858807
-3.213676 -29.342794
9.074694 -46.582973
-19.463411 -42.996025
11.125155 -53.969097
-22.376085 -35.5761
-20.56879 -41.117653
-14.860528 -66.16116
-2.690004 -23.11709
-19.157259 -37.36474
8.802012 -20.22186
24.676968 -52.818172
-26.2657 -38.45997
16.620934 -50.94563
2.2253346 -26.79206
-17.721493 -44.393578
-27.420403 -45.962982
-17.885967 -64.9729
-43.023006 -21.664248
12.636702 -2.704517
6.4379506 -35.126022
-19.612503 -38.28842
0.85241294 -27.640072
10.231997 -32.54675
10.337015 -22.014349
-23.263742 -59.920017
-44.784275 -23.325064
0.5444276 -27.838343
-25.27633 -61.02209
-8.231301 -44.063286
-21.730839 -54.272964
-22.102396 -45.302345
-14.924599 -65.58051
-33.76116 -18.038212
-24.547676 -45.107273
-15.233683 -69.85137
-7.1921535 -28.561314
-22.580612 -57.490494
-17.247894 -42.29344
18.483166 -50.724396
-20.384275 -39.032413
-1.0849099 -61.007755
25.459572 -50.098186
4.809439 -39.092228
-23.500387 -41.643696
-44.151905 -22.841103
-23.274626 -56.12753
-29.073257 -54.75448
-28.114174 -62.478542
-22.18684 -43.363056
5.2809834 -40.14884
-21.446741 -67.6737
8.711052 -19.303354
-8.663668 -42.51243
7.2551074 -41.496395
8.118834 -9.940932
8.185196 -23.349348
2.8599775 -52.4314
-42.97166 -23.285486
9.529712 -43.240894
3.2382488 -21.113115
-18.831537 -37.892212
2.282875 -25.048315
-22.040173 -38.824207
-22.36761 -55.990738
-12.592708 -68.29002
-8.726168 -26.094826
26.322622 -49.461903
0.6189039 -61.140003
4.122081 -52.911915
-2.56561 14.044895
3.9194016 -40.341747
-2.1790562 -65.16745
14.818262 -54.597256
20.647533 -48.03558
4.07596 -38.16685
-4.662536 -62.84709
-24.004084 -68.42757
-20.931217 -45.346893
-1.3405702 -24.460583
2.394997 9.368262
22.035007 -51.519947
16.71509 -51.095512
18.692705 -51.08469
22.380085 -49.727318
-23.973286 -61.669937
5.7579837 -28.003736
-22.486313 -37.264114
19.086016 -49.61311
17.682745 -46.915405
17.92895 -43.156967
-23.529549 -40.903206
9.194059 -50.84253
-16.227207 -65.49826
-8.763735 -42.1615
0.5654862 -58.859142
-21.660532 -49.708824
3.7468967 -55.224163
-25.229795 -59.801697
18.264145 -43.74902
2.8725355 -47.22145
-22.672596 -63.79801
4.7086997 -38.928394
-20.222992 -36.234158
-22.82536 -56.847366
-17.981243 -50.75814
-16.735262 -63.650955
-25.33472 -39.185173
9.5770035 -33.885532
-9.985621 -42.52509
-26.565006 -64.91834
-25.298536 -39.493874
-28.445917 -61.71895
-15.607039 -66.780846
-27.107187 -60.32065
-21.432047 -47.438744
-2.5075216 13.972793
-23.062626 -58.048477
13.413616 -33.186092
-42.374397 -17.624334
9.01526 -36.650127
-19.52107 -46.02863
-7.407352 -28.014154
-47.03487 -20.899649
20.345427 -47.57549
-19.56357 -63.89981
-24.185425 -63.618176
16.897549 -51.05099
7.0386043 -10.501018
0.14903322 -32.12809
10.575309 -22.12599
-23.76925 -41.204067
-41.551277 -20.578403
-24.776613 -57.443516
13.577166 -52.559483
1.0385258 -53.157825
3.6882555 5.337485
1.1749457 -45.838215
33.953487 11.542004
-17.745955 -36.149002
17.581102 -53.85791
1.2165395 -27.25442
-44.20063 -17.283289
-26.424055 -63.671955
-44.43824 -17.01996
8.078842 -22.11451
-48.673138 -22.233711
-2.0598974 -54.787502
-34.1303 -24.773275
0.2819216 -38.142845
-14.617348 -68.721115
-26.558374 -51.888054
-13.791345 -63.134846
-1.3098006 -26.419767
-10.701999 -43.16253
2.8919868 -25.97051
18.876919 -51.43144
-34.159817 -24.718405
-45.16715 -21.054958
-44.856464 -21.053896
-43.996704 -23.823915
3.9443998 -22.707851
-17.154905 -51.18376
-39.261703 -19.440687
13.661699 -3.8493648
-21.246862 -46.0565
8.004121 -42.10999
2.1944969 -22.083933
6.1510725 -42.743053
-2.7084475 -27.290369
-1.7692522 -48.662586
-21.722496 -49.56785
4.3723063 -23.511297
23.908018 -48.36921
13.629208 -25.733234
17.916527 -48.07056
-48.209705 -21.367609
-0.6834788 -63.509613
-45.45422 -18.955416
-9.958787 -42.946716
7.5484033 -33.95973
10.186458 -37.447147
-10.417458 -42.022854
-10.094663 -43.11841
15.030151 -45.749905
-7.970532 -30.146008
18.864786 -53.222347
6.276807 -17.797348
26.454199 -50.853912
6.3980503 -19.216856
-0.1334653 -61.20752
2.8258243 -50.92563
-21.009758 -44.97338
6.551117 -39.51517
8.460608 -38.512436
-27.086697 -50.179714
6.6036563 -39.128735
-9.336506 -40.455063
20.119902 -48.81397
8.895914 -36.668674
18.273878 -53.154648
-16.524137 -70.03817
2.3637102 -20.99122
9.628786 -35.394768
3.0770283 -53.29838
2.5955389 -21.137815
-22.90972 -63.752785
0.7118701 -60.89105
-24.070887 -68.31717
7.74736 -49.759106
-41.12929 -19.606571
22.008648 -53.887337
-23.158817 -55.673733
-1.3510727 12.89294
-26.457922 -46.63543
1.350862 -25.676155
-24.820631 -39.842674
-33.743366 -24.773167
-17.723845 -50.246056
-9.554858 -45.17341
16.315996 -51.3344
7.9672923 -49.929985
-3.5017703 -63.276855
-21.451769 -62.679657
6.929894 -40.034683
-0.45516595 -29.074717
-46.510483 -19.750195
-5.060646 -64.77249
-9.26523 -43.0268
-25.62888 -66.55785
-48.239944 -21.520061
-42.133167 -19.182207
1.963967 -46.25228
-16.09104 -64.73454
4.874729 -38.17642
7.2591667 -9.653592
-47.65527 -18.363434
7.5404897 -26.535906
23.059544 -51.956196
-24.784084 -50.47493
-20.390602 -38.107063
-17.552633 -38.206017
7.7329044 -41.573692
22.625622 -50.878925
-17.830378 -36.780476
-29.145935 -63.137135
-13.742547 -70.1955
-16.937159 -69.923454
-14.518442 -68.11181
-25.740143 -42.485325
0.407581 -53.523632
10.793871 -53.557636
8.140243 -46.99463
-7.7197785 -42.425606
-16.789526 -65.36965
-1.4034462 -62.361298
7.7300296 -42.931187
2.1769032 -23.746534
6.692892 -38.27104
-14.428299 -39.83229
-45.61124 -20.014006
-23.205818 -67.54432
-8.003167 -30.21383
16.004515 -55.016476
6.2765527 -53.38574
15.634408 -47.73492
1.009631 -25.814016
4.511723 -28.7379
-48.34842 -17.9865
-14.588778 -69.86811
-8.455691 -40.819023
25.628998 -50.272076
22.83889 -52.99778
8.798208 -33.025833
-24.023819 -60.06121
-0.29035532 -26.157228
2.3325155 9.11036
-2.3210788 16.63673
-2.16966 12.468377
3.3235755 -49.46122
11.687301 -34.6922
-16.735157 -62.08199
13.215025 -51.21314
18.417055 -43.791485
8.574333 -55.223557
4.5482464 -29.443787
-23.270554 -60.037212
-1.2720951 -29.94698
17.213997 -48.348103
-24.024385 -57.58571
-0.92904425 13.305924
-2.1785502 -54.682205
-18.124466 -43.64311
7.940434 -34.746418
17.7164 -49.924213
14.580612 -54.552776
-23.86921 -39.24213
2.4931161 -19.379866
-22.319054 -44.509007
4.7242713 -43.002068
-25.038694 -65.12137
-1.9357274 12.506551
14.795299 -53.95215
-1.0087138 -27.727432
7.493034 -24.53157
-6.9972844 -47.94554
-34.1303 -24.773273
-7.305777 -42.591274
-15.106536 -69.717384
-47.01494 -23.055319
-21.836658 -36.526436
13.80934 -53.72188
7.8376665 -47.62199
18.226467 -48.987164
-48.481853 -19.139984
0.8343199 -53.046547
5.424056 -38.17541
-18.773394 -37.63944
-19.176548 -43.89833
-21.277124 -56.863216
-42.997257 -20.697088
8.362459 -24.381649
2.3946507 -26.043259
-19.87613 -36.49657
4.1301484 9.767872
12.757677 -42.460636
2.3213482 -52.706013
-8.390631 -42.086918
20.705648 -43.486042
12.86848 -44.22067
-18.083786 -51.37056
3.2264545 -53.240772
-44.56376 -17.668074
-15.613714 -67.2777
8.950258 -49.628254
9.879191 -54.61182
3.6276653 -36.85879
-23.432201 -60.59383
-13.321794 -42.611004
15.968871 -52.136387
7.9231057 -16.267609
0.35923198 -32.022667
-23.237377 -38.670273
-40.43669 -20.748035
19.614397 -52.128548
13.118247 -25.712688
-42.74427 -19.489426
-15.747776 -41.107567
-1.3813087 -25.648064
-21.037556 -42.410397
-21.704187 -60.343105
-6.0884924 -27.053211
-13.047111 -42.95831
-27.263054 -55.18741
7.3916125 -13.747787
-14.800206 -64.39202
10.704978 -45.756172
-43.601517 -20.859278
-34.63759 -22.063604
-5.137182 -62.20234
8.691009 -38.744022
-21.390064 -67.89946
0.6485131 -61.5418
-43.65977 -22.544056
-27.555689 -61.55807
16.907772 -51.536564
15.865858 -52.722164
20.819798 -52.79125
-44.20775 -21.149057
-25.65555 -65.69403
-20.422726 -40.400627
-14.661688 -72.661415
10.346019 -47.842888
-49.070316 -20.898308
3.331169 -49.485165
1.4416871 -60.794193
-27.221523 -49.550674
-1.1407039 -62.911606
18.481642 -47.677044
-48.801537 -22.43216
-16.571846 -39.428326
7.8255105 -40.342014
6.7114205 -20.45339
28.114388 -49.989597
22.713173 -46.8751
-20.677206 -42.148895
10.293648 -43.453518
-7.232928 -27.93045
8.717206 -23.732965
-2.9291236 -61.890396
-7.9049506 -27.520493
-14.235018 -63.36956
3.5494602 -24.613567
17.263666 -13.148075
3.301583 -37.689323
-45.853355 -21.205626
-23.616184 -49.775227
18.881357 -49.469604
-20.988634 -50.335487
-28.463593 -62.930298
7.963334 -43.843445
-1.0409173 -62.98495
-6.4485626 -41.320152
3.8436837 -38.906246
-44.270508 -22.780981
3.3523939 -21.299662
7.7804995 -21.066416
9.83321 -42.093037
-19.314198 -48.731533
-34.022743 -23.719175
-48.214233 -23.145046
-17.569345 -44.618305
-21.81925 -38.316296
-7.3185368 -47.95364
10.243022 -22.84505
-21.809935 -62.175076
-5.15841 -64.68666
4.9432397 -45.878983
-11.582954 -42.243626
-11.107535 -47.52316
3.1779358 -53.400383
-41.45689 -18.398172
-21.259808 -64.663376
2.952309 -47.223667
27.51124 -52.265335
7.0354557 -53.216694
1.4089162 -21.115278
32.706226 54.4969
-60.90422 20.803076
30.288603 57.82327
-55.797295 10.871038
-61.505676 16.718693
-77.624214 -1.0750169
29.683403 61.200157
-54.205177 9.365214
-62.044025 18.213964
38.320847 59.667065
29.029377 59.53353
-43.3237 44.0095
40.709034 57.947918
30.547096 60.84642
-60.58381 16.928457
-42.19746 45.883476
-75.61625 -5.1369677
-75.53227 -3.7253172
-42.407036 43.720802
-65.329865 14.163389
39.659683 59.04631
26.7615 58.896957
28.742064 57.288094
-63.67205 24.749016
-75.27459 -2.8533733
-56.75041 12.041301
6.9241548 7.5149794
-54.65457 10.599897
-62.7904 15.4011
-77.104546 -4.639509
-60.000595 19.145842
-77.84948 -1.3683411
-53.230312 12.135522
-64.092064 16.078362
-63.595142 15.781003
-43.08054 46.005085
34.20188 54.4826
-43.231358 46.58877
-59.620277 15.381282
35.41295 59.155453
-53.99383 23.465004
35.961464 62.837917
-57.583344 10.008829
-39.321537 43.20336
30.361511 59.41371
26.575598 58.93703
-63.882652 16.21677
-72.34416 5.100058
-53.883106 12.678097
-53.704567 13.689621
-68.834755 5.7106714
-41.10541 44.6936
34.841404 63.465763
-49.333233 38.091877
39.88398 60.762264
-72.74039 -1.8207837
-64.661835 18.661497
-47.049156 36.55541
-69.93847 2.9439898
-59.305443 18.57346
-43.323215 45.258907
38.80455 60.848064
-63.51432 19.34601
-53.680183 10.329205
-57.45708 10.86679
-62.07538 20.212152
-39.489243 44.08887
-49.572525 37.607777
-68.84347 1.5768572
36.606583 62.499504
37.623154 57.657925
-49.540714 18.86733
-77.79931 -1.4084475
-59.138443 10.887727
36.70749 56.859516
40.616608 60.4408
-49.921497 35.331726
36.441677 58.676132
-50.40933 36.846954
27.649387 57.64356
30.84205 58.931602
-53.554012 23.352636
38.189404 63.56327
-59.590454 11.019595
34.658604 53.962704
30.915112 55.7904
-41.786243 42.985443
-49.2227 36.050167
-68.74911 2.4042802
-41.061157 43.158253
-77.851906 -1.6602672
-57.60602 10.166687
-75.05743 -4.405642
-63.51174 24.918592
-45.87208 42.689453
-52.155922 19.45171
-54.90856 24.010607
-45.143734 43.26819
-65.68126 20.85085
34.545033 59.68597
-49.044094 35.852013
-49.376442 14.871702
37.735756 61.17702
-69.97771 0.78723437
-52.406086 18.406647
28.647844 56.959496
-56.327705 9.515136
-40.08081 43.91766
32.176292 59.95213
-69.94365 2.7937331
-73.777336 -2.7197056
-55.298817 10.904494
35.18746 54.310608
-59.02473 17.81416
26.888893 59.26331
-69.02995 5.4586315
-57.74349 18.386219
-76.523506 -4.2272205
-66.25896 16.72903
-72.00005 0.21324681
35.020206 57.262825
-65.77963 20.91892
-42.16545 44.898106
-75.644775 -5.2045083
-61.797405 25.848675
-61.635574 16.441433
-51.98144 14.1019745
-75.78226 -3.5329716
-68.732475 0.48592624
-62.11242 13.414246
30.804245 59.48005
-69.22439 2.8653858
-72.17198 -0.0021176063
-62.991817 15.197815
-60.722656 15.807715
-54.45702 8.318502
-48.77011 38.80052
-76.40292 -4.821644
-69.302185 4.336853
-40.37305 44.16213
35.96981 60.75587
-70.22205 -0.36189404
38.46706 57.2249
-57.493538 9.491069
-55.96264 9.624652
-70.67937 0.92481023
-50.346333 18.985027
-49.445312 15.632139
-71.19047 4.6474185
-68.617226 0.53342545
-50.057068 18.131653
-49.17256 19.77792
26.846622 59.070274
-72.072945 5.008449
33.96554 57.15704
-55.527588 23.401232
-71.756386 -0.7778726
-71.67123 -0.28117284
-71.57315 -0.8943745
-40.156723 43.375374
-76.25422 -2.8596513
-78.02841 -1.915513
-49.731956 15.50533
-76.36163 -0.8128248
-62.763054 25.361277
34.6658 54.701324
-43.416653 42.70615
-47.609093 37.485233
-48.879112 37.766552
-42.90886 43.395435
-65.51456 18.937212
31.454763 57.02226
38.405964 57.43866
-41.88854 40.443233
34.949074 58.332706
-55.392166 11.769383
-70.05707 1.8700345
-54.581203 11.454023
-56.43498 9.92818
-66.82189 16.68025
36.909378 59.481724
-41.97302 43.001274
-68.17734 1.0101479
39.29203 62.58542
37.3212 62.483833
-54.012672 13.5310545
-69.70257 -0.28228962
31.54012 59.929592
-48.861397 37.27529
-62.554207 17.70517
-58.533318 18.914682
-55.47606 23.841595
-69.141365 2.3987315
37.236385 63.553474
42.73893 60.06616
-66.07488 19.040377
-63.362347 20.872637
35.265156 62.63592
-59.04959 17.669527
-50.85394 19.146563
-62.83454 18.102638
-72.64054 -1.761537
-58.241108 9.0569105
-76.50889 -4.94004
-62.455627 25.417473
-43.849022 45.483913
-55.38058 23.811565
-64.18857 15.665621
-49.447662 36.49856
-61.8572 15.48562
33.36005 61.726055
34.30709 57.876633
36.153873 55.987923
-58.560925 16.717283
27.042168 58.665672
-74.603294 -3.3696852
-62.753857 17.393873
-57.401943 8.782003
-57.572117 7.4666104
-61.146317 18.190866
40.5199 58.780952
42.760124 56.884033
-46.154907 39.339066
-41.93083 43.62755
34.781643 58.725628
-55.027687 12.901855
33.92362 60.137157
33.057617 58.141697
32.571632 54.394127
31.367397 56.787636
-61.028385 19.444614
-69.95148 2.0601506
-69.35283 1.0358975
-69.43434 -0.25013906
-47.66452 17.589523
-48.15265 40.423595
37.150043 59.32973
-69.63729 2.498866
-56.387 10.300671
37.442436 60.522926
34.073647 61.786427
-59.120174 17.597788
-47.836987 38.01052
-47.431953 39.601295
33.806755 61.89702
-45.298744 41.894722
30.039045 57.03931
30.438751 58.127476
-62.241104 14.927731
-59.769253 14.28022
-48.657387 37.095802
-56.22347 7.7280774
34.046333 58.132587
-64.472984 16.353975
-52.765892 13.291397
-65.773186 20.779942
-69.9617 2.9344077
-65.56385 15.527246
-63.237427 17.255985
-49.20526 18.544497
-58.8451 17.418379
-50.92778 18.537907
-47.83019 38.706524
-4.605939 17.030075
-76.07448 0.22484468
-52.69494 18.06055
-54.27966 11.1614895
32.15444 58.956924
-60.415737 17.353338
-76.73442 -0.9763706
39.86203 61.09002
35.606915 58.737602
36.02518 57.84847
-60.178223 19.87898
-47.84026 38.207188
38.572323 62.12198
32.776787 61.47853
-56.80919 9.274598
-51.273163 16.220732
34.403034 62.78543
34.501915 54.33767
-47.263344 39.239826
-48.262436 39.07259
-63.796074 17.217705
-49.917645 18.625168
35.498493 60.301094
-40.894157 43.15147
34.452625 56.87895
-58.992718 8.297227
-44.17939 38.2371
-75.683266 -4.0745177
-49.047405 16.47646
-75.964096 -4.474286
32.679195 55.44417
-49.76911 15.55552
31.43964 56.010303
40.522804 61.531292
32.731106 59.115467
-64.56989 14.768779
-50.2493 14.434465
32.131065 57.808083
-60.40728 15.925431
-77.339615 -2.832588
-48.445015 17.35857
-59.723072 18.012367
-41.919357 40.837067
35.113983 61.616924
40.380165 58.29328
-49.456257 18.49559
-63.421497 16.01315
-40.68867 44.51028
-65.09654 15.789641
-78.03172 -1.0251511
38.1878 58.41033
35.844578 61.658882
-49.35228 16.79303
-68.77494 1.3091599
-50.854412 16.403109
-48.827293 40.688244
-71.370804 1.1719483
32.577183 56.85119
-62.97163 17.440931
34.091953 59.997932
-50.42576 36.069954
-55.30923 24.00998
40.849457 60.031723
-54.243805 10.351496
34.059925 59.162106
-71.09431 3.756299
-69.32796 1.0708869
32.183464 57.491142
38.82521 58.50994
-70.39514 0.13641346
-76.603615 -0.9993974
32.755898 55.703743
34.360584 53.971867
-49.704704 35.17056
28.91552 57.571846
-43.452717 44.38012
-40.543186 42.734543
36.885105 62.6655
-54.868786 9.252593
-51.32327 16.187422
-47.127396 38.494076
-76.616875 -2.749588
-60.32746 19.238678
-55.45901 9.957028
-48.037247 39.901657
36.547745 54.400513
-42.970924 45.982555
-62.34077 16.828382
-50.050575 19.509735
-70.423874 1.342165
-48.48548 37.507027
34.377556 55.16125
-50.710114 35.931107
42.747128 56.88166
-56.558186 17.677105
-61.18187 17.893227
33.135197 58.671173
33.29344 54.143387
-51.344776 17.917692
-76.446144 -4.4345174
-67.90005 0.56520325
-56.571632 18.065535
30.245613 61.089283
-66.45322 18.938274
-76.75994 -3.2708507
-41.354424 44.85686
33.713127 60.104958
-43.419407 42.78251
-63.61964 19.45627
-57.003582 8.208494
-55.385265 23.796501
31.233055 57.104614
-43.709965 45.96367
-77.18821 -3.0744042
30.921156 55.914394
-49.882893 35.999214
-46.88042 39.3324
-49.53136 37.69101
-49.909054 14.64329
-50.641117 37.215416
-56.511894 9.078504
35.35383 58.510757
-53.75647 9.476031
-53.290363 13.242225
-47.09581 36.12504
-72.04884 -0.6612036
-42.527706 39.340126
38.014458 59.03572
-61.457687 15.594087
-58.155937 19.571165
-50.057438 36.127384
37.015747 63.53973
-41.938988 42.455166
40.245205 57.734055
40.319084 60.560978
-62.446507 14.771052
38.800327 56.662483
-49.59929 16.978062
-68.912346 0.55974364
31.038017 59.2525
31.764454 58.280525
-57.395706 8.010441
-44.409817 37.989765
-76.174355 -3.6792593
-65.302536 17.206852
35.429382 61.277203
34.342434 59.022106
-43.77803 44.105713
-58.487785 19.076181
-76.876274 -3.0197582
34.1349 55.746384
-63.149483 18.564302
-57.19757 9.629558
-61.281982 14.785558
-49.02144 19.158087
-71.165276 2.4707463
-61.6667 14.38583
-71.68904 0.39819193
41.268867 60.863655
-41.33988 43.883938
36.514297 60.12625
-77.82757 -0.8999877
-49.413406 39.239662
42.74501 56.899334
-49.058773 19.040026
-48.986374 16.900969
-70.11885 1.0010698
37.489185 59.829605
36.086887 60.265987
38.307957 60.5321
-48.665012 39.42631
-64.397095 17.773285
-59.392345 19.743217
-64.5237 22.560045
-40.194103 42.82412
-46.299915 38.101795
-42.210518 44.25146
-54.589706 23.485352
36.50582 55.945015
-51.0397 17.9883
34.38761 56.026073
38.067574 57.2359
-49.569912 18.268082
-63.038017 14.817
-48.57844 40.08461
-60.941654 18.344975
-63.25411 16.90551
38.552532 58.15878
-48.38015 38.128555
-56.512394 8.871176
-73.64283 -2.8215606
-41.984627 44.109283
39.218727 59.704174
-41.658886 45.52572
32.07872 55.5909
-55.020504 14.480618
-41.74183 45.56068
32.5152 57.49132
-55.40282 10.021192
-44.079533 45.48492
37.803894 62.714733
-53.901924 24.161358
-49.147 37.260006
-61.915638 19.41443
-56.30916 9.116476
-40.230526 42.848007
-41.939262 41.772163
35.030617 56.31697
-58.05552 18.293129
-39.27708 43.233696
-40.811916 45.489166
-70.03924 -0.079504594
-63.484596 13.883134
-47.179024 38.430145
-51.00191 19.088614
-76.29998 -3.53787
-49.400536 18.791618
-56.551598 11.151191
-66.408936 20.05913
34.54036 61.388325
38.679985 61.698956
-48.861706 38.122604
-43.81874 45.345512
27.074358 58.237873
36.467766 60.668976
-43.81636 46.17181
-54.18794 15.810153
-53.10582 12.526984
-62.86478 25.311285
-58.860855 8.516592
29.207289 57.761196
-49.617012 38.530563
-75.75179 -5.096835
-52.662678 18.220936
-70.35371 3.0503204
-75.246124 -4.283416
-57.189137 10.450039
-63.353683 19.664375
37.326805 58.41355
-63.312695 14.371603
-71.179436 -0.09506379
-63.67234 15.939639
-50.84126 14.533785
-71.627594 3.571604
-53.688446 23.407795
-62.06303 25.65319
-63.950874 24.331831
-42.735863 39.14627
-60.703335 18.100826
-55.396736 23.679232
-49.728714 36.08132
-48.680283 17.418282
-48.820786 15.920189
-70.64744 -0.31006095
42.902103 60.03671
-47.542797 40.808403
40.857613 59.622894
42.015972 60.1586
-42.339146 44.896603
-75.701 0.9844018
-49.087128 36.417084
-64.860085 19.120745
-60.87765 20.667988
-61.92057 15.367196
-69.381134 3.643092
-59.57912 14.353479
-55.321106 10.176533
-64.81494 18.206703
-41.249634 45.374107
42.796535 56.837925
-62.53347 16.20473
-41.560616 46.147556
17.254126 -4.4792233
12.71704 6.3850408
19.24047 13.498865
0.25281668 18.78672
15.448467 -3.680002
22.867262 -3.010531
20.452803 12.267062
14.04868 8.257514
25.41415 -5.588148
23.824543 -8.928313
26.05443 -5.3466473
18.571632 -6.9825077
17.081192 -7.2890224
20.092709 -3.010859
24.547989 -5.830861
16.859182 -4.1190467
18.424807 -6.797973
23.808693 -9.775323
14.011445 -5.395158
17.973932 10.737527
18.60531 -6.7931347
12.630369 5.177163
22.68926 -5.9638085
22.073112 8.333641
22.175388 6.8296957
23.073065 -4.7805514
21.364609 -3.903082
19.607773 15.246168
21.196175 13.804086
20.947348 -9.88512
22.395672 11.476518
16.627539 12.05172
15.185831 -3.778545
13.224563 9.739771
21.263945 7.828153
22.683165 -4.1631217
22.058092 -10.209273
14.553531 11.575541
21.380436 9.849471
15.823573 -7.280505
13.875165 12.310478
22.066957 -3.7040646
19.846811 13.850194
18.337955 -7.997046
-0.21961457 14.903328
22.204962 10.870444
17.739841 -6.512749
15.973853 -7.20352
16.179842 12.240386
21.345873 9.084404
14.875828 9.187592
22.516764 -4.0804424
7.464402 6.6949043
21.063982 11.351097
21.165134 8.954696
17.439125 -7.272232
15.957464 -3.9014988
17.756487 -5.2077956
12.444606 5.57181
22.186962 11.075095
16.2495 -6.2217164
16.641058 12.818805
26.641949 11.628817
24.799532 -9.792532
16.202505 11.973769
21.804697 12.442822
18.66461 7.477888
23.891369 -9.273937
15.651516 11.74373
22.095028 9.652703
21.040106 -4.186843
-2.302241 17.713745
1.6837146 11.394782
23.171206 -3.309272
20.796194 -5.734652
14.218737 -3.8624165
21.531424 10.714055
13.0961685 9.264002
21.146702 -5.7125587
21.611729 11.745411
22.989914 -5.51924
15.723944 10.092352
22.243979 -3.9757764
12.287681 5.755335
22.620462 -5.2552276
12.855091 5.3023586
17.956245 9.556851
21.250536 8.344887
17.055986 9.184344
18.083035 -6.8872943
18.422918 13.530953
0.09321277 19.432869
21.515665 10.881803
15.333369 13.12777
12.751981 11.45117
12.23064 5.6010613
13.959708 -5.155707
15.535529 -6.093366
12.579029 5.2798147
24.061932 -6.2838078
-4.714871 17.060959
18.228342 -6.690548
17.905636 -8.226848
21.699701 11.814358
16.589464 -6.9710693
19.737013 -5.973377
24.842846 -8.692822
17.186615 13.730417
24.998753 -8.706662
19.762922 14.298555
13.957164 12.122921
16.676212 12.494304
14.33601 11.854026
16.715239 12.050603
22.932846 -7.5219417
23.623951 -9.711796
24.374712 -10.0557
18.378635 13.511257
17.93945 9.740078
24.444971 -10.106591
23.622765 -7.4421787
-0.008216482 13.373074
13.340799 11.0089035
17.197592 -5.771791
16.906416 14.050931
14.655714 8.707287
22.410938 -6.500613
17.72299 -8.044071
19.047476 10.157939
25.456646 -5.208311
22.136066 -10.517975
18.175835 -8.7637205
21.924835 -10.200237
18.847912 13.521813
23.118904 -10.171749
21.842922 9.71556
17.054766 -4.5675626
22.93177 -4.0288033
16.282839 12.818019
20.683508 -3.6977737
15.147975 9.736866
16.256048 9.699289
13.650746 10.248177
12.165009 5.3337317
18.563112 13.583877
26.648754 11.630235
17.660036 12.122505
18.75288 10.951161
25.814543 -5.385087
20.356457 -3.4925764
20.975315 11.006514
21.863262 10.708394
23.669088 -8.535726
18.504545 13.513626
23.319624 -8.1115265
19.686022 15.3053875
16.820986 -6.913532
21.168247 11.487656
14.478393 11.20666
24.477234 -10.125561
20.787327 10.773469
23.071249 -8.495575
21.419708 10.199973
22.46628 -6.5327535
24.052639 8.548411
17.376026 -5.0164256
22.30701 -3.3549483
15.458089 12.403558
24.895878 -9.419793
23.9919 -9.544432
13.92092 -5.3528037
16.893559 -6.83942
17.47887 11.902036
21.173828 9.277785
21.295631 -2.9689624
12.638238 5.2521334
13.903318 10.949332
17.084084 12.481923
16.086576 -6.7856116
19.415545 11.006291
21.611132 -4.8859477
17.11436 11.019549
24.712091 -8.755383
21.925968 -5.2079616
19.514517 -7.722485
15.802256 10.662179
18.646027 10.996491
17.2961 -8.193887
15.861794 -3.8618374
17.480982 -4.7598333
14.46074 10.762526
-4.545527 16.885218
14.711719 11.865032
7.2978783 -14.044264
23.166672 10.860939
21.950867 -10.288678
18.481476 7.4334617
17.729225 10.767929
12.739126 6.9081154
20.393276 -3.04191
20.44353 -3.219121
33.369423 22.931442
46.89785 16.09712
37.867645 7.192091
34.38946 17.423765
38.113987 7.82539
40.275795 10.57712
48.52978 24.307182
31.38397 21.108149
44.26467 20.444883
29.275352 -0.18829276
29.702168 0.3007818
18.868717 -19.183588
32.88719 19.640978
33.947758 8.59886
18.063515 -19.453537
41.615337 10.605725
13.757087 -6.9014454
22.384995 6.379574
46.78948 11.503035
38.52238 7.1465225
47.182117 11.343511
23.00166 -18.785213
34.727936 25.217627
28.989109 -0.52682596
34.954285 18.842497
23.404356 -16.23281
48.545567 17.853655
24.121197 -21.635395
18.472551 -20.417032
49.797432 26.523506
36.355396 19.105448
34.72538 23.410782
45.983162 23.680685
22.1787 -20.958084
45.595276 16.105337
18.464968 -1.5885944
42.685444 8.380027
48.696575 14.135824
0.37532786 12.029654
38.44254 8.209926
34.805653 18.19585
33.266422 17.17293
29.148497 -0.3163812
37.015877 11.259962
41.24688 26.063114
20.978786 -19.550034
12.520948 3.8729098
50.16476 22.32551
0.39179966 11.820023
38.111862 7.4620333
17.901228 -19.33073
33.719032 21.876347
38.850357 8.556853
35.385197 21.585356
48.78158 23.919786
42.128304 10.416563
33.952812 16.559175
23.419178 -16.436707
36.455025 22.07567
47.10589 24.75656
36.340664 23.55255
49.18007 24.28309
36.007107 24.099083
35.237606 20.326975
48.521893 18.245672
13.870561 -11.886096
39.364323 10.737649
28.758429 -0.8007523
32.5714 24.201012
45.942505 16.460638
49.044468 25.590824
40.022663 7.5966916
21.185835 -18.57244
49.07077 29.15115
18.958069 -18.935
31.85749 23.466532
38.856724 6.618997
33.101826 8.497161
49.797935 24.776348
-2.4928465 16.88044
48.53295 18.25622
0.67121756 12.708452
13.863759 -11.868796
34.244453 17.736547
38.78206 7.0587163
32.801167 18.142704
31.178349 7.701941
32.008614 23.448238
34.078144 4.6349096
19.798607 -18.552996
45.351036 16.739277
17.311312 3.4863157
-0.79888666 13.532197
20.115526 -18.841776
38.64037 8.003728
44.31193 20.32283
41.369335 8.327959
19.24119 -20.856897
47.510536 22.552496
32.75696 18.044373
44.451195 21.252153
40.89365 13.55469
20.179678 -20.908758
0.78993255 12.74637
34.750397 4.350357
31.61863 8.631207
43.30484 20.035498
49.165245 28.09149
35.149845 23.817804
44.044388 16.643373
40.766705 9.631986
34.729168 4.3612914
39.210735 8.625749
34.789433 23.457539
51.275578 23.084665
50.593197 27.688215
36.36181 21.699326
36.390472 19.168118
42.221214 12.617063
33.00746 19.608637
50.91205 28.293938
23.895872 -20.908136
39.806335 6.84337
40.326424 13.458455
41.759903 8.674719
49.632458 24.013855
42.420174 14.192527
33.208324 16.966125
24.918688 -18.979916
33.98417 9.897658
17.09484 -20.644634
5.1027546 10.683536
40.307777 8.9240465
46.075146 14.448441
17.208006 -20.854887
50.197308 24.638378
47.509533 14.717249
23.971376 -21.313223
38.69097 5.9908442
48.738525 16.184273
35.488632 22.165205
32.460598 7.1032205
33.379425 24.387524
33.120644 22.026997
48.96794 16.125416
41.903343 9.112214
23.390318 -16.422836
37.148983 10.005283
34.860733 17.713825
24.347555 -20.252039
9.166865 -18.096962
48.834564 23.126955
50.972404 26.444757
30.637205 7.6637287
51.175564 24.76475
39.27807 9.693636
5.0101304 10.651074
34.19283 20.264952
49.312523 15.606647
22.062672 -19.79118
-0.47061068 15.261091
31.765356 14.932112
22.99573 -18.717579
13.863087 -11.865597
45.492474 13.606784
46.370335 12.116515
50.43763 23.13099
33.67177 18.608095
41.43901 9.487228
31.379604 8.026345
49.579575 25.25166
39.10631 8.462229
19.427223 -20.818762
49.62996 23.69946
42.063766 10.558021
43.689766 12.970768
44.59107 13.435565
40.219925 13.286274
41.0502 16.797329
43.130035 12.929789
46.67296 14.11945
46.610134 24.550783
32.68999 4.6292224
38.877316 7.6011405
49.661327 23.204811
23.192476 -20.664045
34.681652 25.184889
48.746178 16.220486
45.52025 15.844243
33.05521 5.751637
17.306099 3.5282433
34.463203 26.05356
13.525685 -10.665276
43.046505 10.060122
23.99829 -21.63896
48.925716 24.71859
37.18509 6.3305573
33.705406 21.157333
38.09004 9.970779
40.362812 6.4440823
33.99053 16.600353
34.97081 24.350004
21.264702 14.325107
19.556633 -18.30886
19.217623 -18.643915
43.69602 20.475868
44.9401 16.925068
34.833576 7.698054
19.77059 -19.443354
40.16721 10.730229
18.16044 -19.135
40.263172 10.202725
36.884872 21.358307
49.232628 27.126553
18.350395 -18.712543
33.799816 5.774169
48.883114 28.391273
47.706604 22.152468
1.83453 13.0684595
48.807556 24.880138
38.13464 5.3342357
44.729645 16.939632
47.354603 17.266975
48.619022 22.48258
41.269848 26.067385
13.487035 -10.5746765
42.20703 15.072611
36.445793 21.475056
49.19712 18.49692
36.08036 20.645254
39.11775 7.226071
40.75396 13.739722
46.7607 11.550052
49.652637 24.274834
42.19216 7.6769934
18.28326 -18.911438
36.395252 18.265587
13.857048 -11.846993
33.509403 6.485729
25.037073 -18.81428
34.51127 23.566195
48.770233 14.143269
46.213753 16.393541
51.198692 26.507261
42.529034 10.80642
19.961378 -18.768381
38.62637 10.360034
45.6518 13.335409
43.048565 19.735352
42.91989 12.95629
36.889805 21.470795
31.345505 6.839384
43.02739 11.5707
32.83069 10.12071
43.781612 13.137671
42.160324 14.477912
45.911476 13.945501
46.175255 23.790451
39.01837 8.291616
45.53435 13.634103
34.29118 17.220636
46.320614 11.458289
50.883465 24.164768
49.86705 24.61123
42.77941 13.1209955
21.339827 -19.359161
44.45287 11.817948
41.84479 9.603974
47.910564 23.294575
35.18968 7.512242
35.888054 16.948055
50.15424 27.899511
43.209576 20.30212
48.13907 27.367727
49.963882 26.341612
33.919365 5.533327
33.34614 21.188715
19.519573 -20.63268
42.818787 9.724309
35.18543 24.189922
34.226936 22.21199
28.984325 -0.51782125
48.61492 25.39844
70.98939 14.656445
33.344822 21.126774
48.388927 27.856665
47.097412 17.092857
46.63601 14.791515
37.478085 8.848271
34.00373 22.25892
36.39085 8.458111
31.91206 15.133369
43.366196 7.9625897
50.821323 28.701979
41.74061 14.581234
38.048847 6.366501
24.268744 -22.217747
13.551539 -10.7163515
19.31158 -18.118462
42.300148 16.590029
45.85063 13.7485485
49.909683 24.72313
37.950813 8.374056
23.411873 -20.787725
50.13234 23.746626
48.47392 28.56832
35.85644 23.36325
33.50915 6.6551948
33.27268 7.755187
41.814087 16.656195
42.304848 10.110583
47.212795 24.798927
31.88962 8.988688
46.8885 14.628765
-3.874244 16.350086
40.771168 7.728152
50.35357 28.78618
23.531174 -19.898018
36.417824 9.390046
25.307995 -18.644127
49.561245 23.245958
21.71086 -18.800383
41.382847 9.273164
32.563778 18.495699
40.157673 10.846289
48.51908 18.731396
42.35534 7.6755457
19.191198 -19.182173
48.47396 18.445658
42.278606 16.566341
49.714382 26.521172
17.295523 3.491775
32.8349 0.9518947
46.74186 24.341982
40.709965 7.5909166
33.558895 6.6939945
22.719645 -20.685045
48.416138 24.520327
19.939205 8.565711
33.2668 10.196178
18.185005 -20.509457
32.144424 24.480831
42.788723 15.038035
39.982857 9.503763
33.49453 24.10932
41.27591 26.068241
36.385628 19.131248
32.844418 22.244036
34.84669 25.018581
34.18395 20.06075
40.856033 14.106699
39.76705 7.165622
47.573566 23.103224
33.47722 19.812807
23.742195 -19.695389
41.267563 26.067137
46.563503 11.505092
23.67102 -20.143133
23.666378 -21.507046
35.85364 16.988155
43.336887 11.579343
34.44263 7.691575
36.1963 20.80048
43.000755 8.599917
37.54128 21.24937
31.463276 21.127346
37.48314 8.325234
58.462093 -15.267986
44.95499 -24.794287
41.492146 -23.332285
72.752914 15.658106
62.585476 -29.3731
73.38727 13.159532
66.195435 12.505427
45.10456 -24.801939
61.835587 -27.763288
72.88326 12.554857
74.02113 13.277051
82.81311 -3.2056675
65.739105 12.667105
78.521736 -5.3917203
82.2658 -2.465393
84.13384 -2.1377566
42.580032 -23.21579
60.379597 -13.192027
78.82393 -5.2946486
43.826817 -24.425009
41.54818 -20.499039
62.697544 -16.293436
79.5921 -1.5031173
64.24299 12.21908
43.812435 -20.996983
65.214066 11.875953
62.90029 -14.115198
79.24454 -1.4788411
60.731003 -29.383785
65.05203 16.606173
82.9271 -2.9609559
79.3177 -1.8821632
42.544445 -20.349144
62.480633 -27.254961
61.406166 -13.141436
65.55955 11.922304
63.154865 -26.46341
40.46023 -22.492039
71.96945 14.541756
79.49967 -2.0219848
59.84102 -14.498231
84.9183 -0.5294689
85.61934 -1.8454028
61.67497 -13.434225
72.266426 13.290633
79.75759 -3.188089
73.41276 15.068196
63.971313 13.0949955
61.891647 -27.427656
84.233406 -2.5536227
65.803055 13.240308
85.16791 -1.9855007
81.3783 -4.4095216
84.85433 -2.376657
57.625187 -14.439642
64.297386 -13.353274
79.640854 -1.8180162
85.71153 -2.5412617
83.18661 -1.6425244
78.71678 -5.4502053
60.201096 -15.034146
61.237118 -30.742105
59.2646 -14.52973
43.914707 -25.014397
64.78108 16.947409
61.01514 -13.316409
63.830486 -27.266342
79.37723 -5.351675
43.894222 -23.078201
41.220413 -22.669243
41.757427 -22.572357
64.881836 15.960853
71.11786 12.028383
73.88472 14.487294
62.864197 -27.044718
62.299564 -12.458544
63.545677 12.217537
79.32627 -4.8781433
63.806458 -26.96052
66.428024 13.380185
61.68186 -29.011358
62.97858 -27.606787
60.25112 -13.679001
45.39567 -24.883297
61.547836 -14.569021
60.06307 -14.949786
71.64641 21.97908
43.735664 -24.553286
65.43412 -28.502737
57.62149 -12.837103
60.30132 -30.053946
60.941013 -13.111611
61.133053 -30.730953
78.76197 -5.560614
83.953705 -2.5752115
82.92941 -4.001274
83.44287 -1.7702786
64.82859 -26.79794
65.54436 13.695757
60.719475 -14.274194
58.558586 -12.285004
60.40764 -28.93731
39.64307 -22.724785
62.29527 -13.387411
65.018974 12.872151
40.79071 -21.32975
0.04816146 18.666904
59.819817 -27.823462
47.73485 -18.790806
61.949596 -15.608672
59.92866 -17.80555
41.035572 -22.43761
42.406307 -21.251083
39.84009 -22.461164
67.03394 14.597878
39.182655 -21.214285
47.59489 -18.934761
42.067425 -21.838993
43.241375 -21.140247
73.453636 15.069606
63.861626 15.402872
60.39714 -27.848286
63.361355 -12.491649
59.283848 -16.617323
72.98947 15.266451
71.64756 21.979143
83.06075 -1.4076209
39.42595 -21.268469
64.112144 -27.375124
41.109356 -24.177073
44.428417 -24.724138
71.5433 13.21565
60.60205 -27.375381
79.47691 -3.6260703
81.365486 -4.4446526
45.973858 -25.454008
83.7587 -2.8547444
47.720097 -18.79394
47.714806 -18.670807
40.26221 -23.44155
57.89867 -13.001678
65.619576 13.804999
48.26785 -18.269524
71.65188 21.97259
83.558754 -1.796448
64.26891 -26.893122
40.74322 -20.913376
47.73076 -18.74313
60.632076 -16.68096
58.552227 -15.078264
45.165672 -25.030993
40.467392 -21.957495
45.042892 -23.897448
79.71948 -1.568482
64.63102 14.146959
83.40559 -4.0662894
59.56839 -16.392885
72.92986 13.550941
86.19402 -1.0036455
84.824455 -4.5466533
84.92939 -3.9506278
42.192986 -20.649042
63.04333 -28.097643
83.94514 -2.9319239
73.058075 15.033478
66.075874 14.4277935
61.77665 -14.990961
84.571266 -1.8029076
81.41059 -6.062984
60.18162 -16.726257
57.885487 -15.595332
65.34159 13.032426
47.613052 -18.9277
61.54671 -13.651325
80.19243 -1.9143707
38.884865 -17.178255
66.64342 14.114762
60.88282 -18.557947
62.469868 -30.660675
71.98454 13.509164
59.656437 -17.684301
38.88308 -17.176275
58.319633 -14.633182
71.16057 12.083551
79.23959 -5.121099
83.72043 -1.2782315
72.1311 14.516345
-1.8001236 16.237465
67.06427 13.57262
61.15332 -14.677743
84.87022 -2.2817183
73.75017 13.567054
41.52957 -23.134525
60.030807 -16.130354
72.173515 14.029913
60.556522 -28.974915
60.65396 -11.58138
42.21455 -22.418055
66.24442 13.553321
83.01074 -0.40614474
59.805305 -29.401482
43.20374 -22.024376
84.072586 -5.275239
58.30772 -15.490786
59.3491 -16.88716
66.891945 12.793476
65.67137 -28.524136
63.40717 -26.244816
84.87071 -4.1862016
81.67581 -6.0226235
40.917446 -22.644655
47.847496 -18.655167
61.343353 -16.047722
63.803814 -26.622896
47.8704 -18.54993
60.24538 -17.161015
72.726814 13.878453
61.555336 -14.184475
60.565144 -26.944002
64.22792 -13.258247
41.86035 -19.569086
64.70497 -28.005943
59.04468 -15.113486
60.11053 -15.636018
61.105717 -28.755224
64.59345 15.371641
64.406586 14.054877
41.434093 -22.2277
62.17973 -25.586235
45.24265 -24.266933
66.65773 13.515172
65.20509 12.518054
62.195015 -14.04129
56.554523 -13.489809
-0.5223408 18.246384
61.216217 -11.790572
61.894024 -26.642927
63.639748 -29.472477
61.696354 -28.44866
72.412056 13.798899
45.768326 -25.297232
43.15191 -24.642965
64.91128 16.748266
64.99687 16.85081
84.88006 -2.7641284
61.97686 -16.049006
73.38531 13.218505
63.476032 -25.953398
58.313725 -13.499473
84.476685 -4.5220394
38.87631 -17.171986
73.14442 14.418786
62.680042 -13.972877
71.64757 21.98202
85.92649 -0.43177503
59.51503 -14.237983
61.38527 -17.357422
43.574677 -22.530792
63.06077 -13.041486
85.687355 -4.6088796
60.013275 -29.48456
63.685307 -28.724117
73.1991 14.879027
81.66112 -5.9838543
62.177727 -11.349041
40.361557 -23.851456
81.350685 -1.2034165
67.36747 13.078415
83.67404 -3.9227006
78.50317 -5.329216
62.702534 -15.16863
58.210663 -14.733008
59.346115 -13.372356
59.677147 -11.374992
84.662056 -1.9206892
79.092186 -5.332754
84.16592 -3.4390686
64.01171 -26.625515
63.415333 -28.06271
64.651054 13.640895
62.117973 -12.63728
78.50526 -2.563382
63.884354 13.692027
72.210815 13.84135
62.42762 -28.09986
44.847324 -21.349356
43.366405 -21.673971
83.18808 -0.536427
60.875187 -27.920715
79.746185 -2.0189576
58.858597 -14.3933115
65.82078 13.825355
61.28216 -27.715881
65.04307 16.562813
40.823627 -22.25716
43.223213 -21.078321
58.386284 -13.369444
64.95305 12.444844
64.00445 -27.87347
83.14511 -2.8002763
59.262585 -14.867214
74.016655 13.656612
63.433926 -27.949337
63.120445 -16.155134
40.202656 -22.902006
65.33777 12.970015
63.960335 -29.304235
61.631775 -15.132066
64.8528 -29.084887
72.31492 12.869317
84.70246 -4.404802
61.487152 -28.020084
86.05014 -2.801644
61.726994 -11.388797
86.001656 -3.1810422
44.093044 -23.069284
86.52737 -2.97848
64.753914 13.323984
42.101303 -24.061451
60.352333 -28.821701
83.83067 -1.7056159
42.889267 -22.11115
65.73009 14.669976
60.359505 -27.75947
64.592125 13.037772
71.64489 22.001669
43.973934 -25.14063
-0.79487497 10.298338
61.44081 -29.6646
64.44911 14.454462
42.73891 -23.359058
65.32708 14.545688
79.29924 -3.8134801
78.5927 -2.4424875
43.69884 -21.934605
85.05751 -2.562943
-0.61929417 18.25543
41.005596 -22.85675
40.53076 -22.124311
79.9122 -0.8466514
65.074066 14.4001465
42.131966 -20.41582
-34.94716 -5.0267267
-17.006582 12.725844
-30.619326 -1.9042553
-36.857174 -3.0202608
-16.264172 11.891491
-36.57339 -3.0202644
-9.923164 -1.488765
-8.854622 4.2063494
-6.6705947 2.017741
-17.213055 8.199778
-29.833284 -5.507684
-7.4851227 4.050655
-12.71862 14.0362015
-9.072646 4.2067804
-21.807255 0.09841386
-8.058184 2.1511445
-31.0294 -6.299081
-30.512989 7.0171905
-30.089148 -5.467499
-17.141153 4.481386
-19.269499 10.946843
-21.895971 0.03405264
-29.312916 8.25462
-28.969755 9.842768
-31.422451 -4.163385
-26.625502 5.47288
-8.28192 8.517367
-34.294827 -1.1590574
-29.085264 -3.0994127
-7.5930743 3.382769
-9.880878 9.430031
-33.377712 -2.2747204
-2.4474404 3.2565835
-18.849268 11.010008
-7.555603 1.3438329
-7.3688183 12.254984
-7.3302197 0.5872519
-27.514055 -2.8017774
-36.849987 -3.4316537
-7.7366366 8.797079
-7.010986 6.1616054
-32.622086 -1.6283321
-22.020123 -0.026454393
-27.734447 9.344223
-34.604008 -4.742287
-31.165064 -3.271242
-29.065487 -3.3447506
-9.268214 9.684028
-16.895378 13.56352
-5.3715973 1.916346
-25.148922 10.790505
-29.674023 -5.497762
-27.137667 -4.6626353
-32.799786 -3.9764981
-33.28995 -1.5387502
-6.9131603 11.739327
-24.291391 13.210615
-18.265781 11.645275
-16.396065 0.5901517
-4.7651944 5.663809
-27.168007 6.478006
-29.672909 -2.959103
-6.8866873 0.4251922
-26.474506 6.852874
-19.624933 10.745825
-29.058525 -4.76896
-8.065851 11.392178
-16.190166 11.93317
-28.520502 -3.8300788
-15.025533 8.533571
-30.90946 -2.2612457
-10.988482 14.22493
-7.0146627 6.2154446
-32.952095 -4.254016
-2.7877624 3.9004464
-16.149956 12.355114
-24.379814 12.6424465
-33.007877 2.161957
-9.959881 5.3210087
-23.0377 9.284433
-7.4906707 14.259395
-26.522682 11.102916
-6.929652 10.765523
-11.02036 14.231203
-24.75395 8.930371
-10.355011 -2.013386
-9.778728 5.3004217
-6.057501 2.2994401
-29.723501 10.410317
-16.922987 1.0095639
-16.095356 1.2545563
-22.235506 10.039847
-27.503042 6.388615
-7.1512628 3.392116
-27.488409 -0.6195859
-8.292994 7.1908817
-7.273686 8.375449
-30.436901 8.976858
-15.8353195 9.791678
-25.70726 8.88135
-26.048836 5.550764
-16.080967 12.650108
-6.0213265 7.402249
-8.653642 8.503212
-27.20855 6.255917
-5.8852115 -0.342896
-6.7474604 2.4538443
-6.2079244 13.445525
-32.451237 -3.8263044
-16.512089 11.634897
-6.1976285 13.4646
-8.208406 7.1188507
-15.614181 12.912855
-32.0695 -2.39673
-30.638994 -0.28601876
-8.404166 -0.5675419
-32.627903 2.6919963
-30.916517 -2.3725374
-5.869472 14.0172615
-7.4443297 3.2732663
-12.239161 15.2698
-29.72093 -5.1341295
-7.7554917 5.311873
-12.805174 13.978637
-23.236017 7.438104
-23.783194 7.178252
-9.925336 -1.4927349
-25.223372 14.051455
-25.582561 10.83941
-5.861817 -0.25526166
-6.931239 1.9482999
-9.998188 9.404625
-27.746855 9.359985
-5.567534 4.9380345
-22.22204 -0.14063391
-30.377588 8.883642
-6.0824995 1.5010754
-4.360935 -1.483147
-10.118967 2.7924147
-5.288183 5.671613
-2.3163476 2.0564008
-4.827727 2.401589
-8.308435 9.842934
-15.796218 7.3877683
-31.40667 -1.0282387
-13.165538 16.043093
-9.722433 13.541363
-33.231373 -2.726321
-24.52196 10.812805
-2.012771 1.997392
-23.09006 6.4311137
-9.39753 5.244474
-4.1643615 4.450647
-16.718538 1.2493134
-23.871138 8.137133
-25.900629 5.5948977
-30.929966 2.1767793
-28.429157 10.859721
-21.553848 8.121739
-29.666952 -6.1056123
-29.04383 9.2888
-25.592121 5.9765472
-29.60678 -5.321528
-15.249858 8.651958
-26.886637 8.131142
-5.6808953 14.715199
-18.19585 11.611808
-16.607578 1.6709774
-29.221718 -4.976072
-8.395996 -0.5422185
-32.306904 -3.0102308
-25.065838 10.770777
-37.02146 -2.8102548
-6.444968 12.972383
-8.075718 3.2191825
-29.700584 8.38821
-6.023274 13.717198
-7.0459924 1.0062835
-17.582321 10.620152
-14.93298 7.125375
-7.6323767 4.88533
-6.5672092 10.6018
-9.545774 1.8698081
-7.37844 4.980216
-34.34575 -1.6568062
-16.863451 0.30708763
-24.074638 7.1108584
-30.98182 2.1957598
-26.561502 9.588915
-2.3962688 5.5230536
-12.804969 15.624107
-7.057336 2.0851593
-31.079662 -0.8549178
-28.27831 6.0102777
-17.117493 4.5565634
-9.704379 3.7409844
-16.661932 1.8658609
-14.511933 11.730932
-17.488668 11.074748
-29.040771 7.3333454
-17.221123 10.875737
-25.43116 13.264363
-28.048712 7.913355
-30.062775 9.615509
-25.922308 13.300832
-16.149162 1.2085311
-31.854084 -2.0767329
-16.018 1.3927732
-16.522562 12.768115
-34.194984 -2.832052
-26.08859 7.3053927
-2.4151168 3.5734527
-7.420295 11.286482
-28.781473 8.945055
-24.27212 7.467626
-23.851215 7.017981
-36.686848 -2.895597
-3.9455073 4.649052
-9.779978 -1.0879375
-29.188711 -3.1332145
-22.113283 10.162693
-30.261131 -3.9165015
-31.652699 -1.7752795
-27.612762 9.578231
-27.086697 7.8968244
-27.019148 13.174346
-19.266195 11.294641
-5.213091 6.0428534
-32.46212 2.820305
-6.491293 1.4119596
-16.871166 0.011571184
-29.278818 9.458665
-27.091358 4.521573
-28.59189 8.837909
-37.02627 -2.7474897
-14.826578 8.410011
-26.056044 5.624321
-29.440094 -3.0895503
-29.754711 -1.3484449
-32.96835 -0.25828835
-27.769197 12.027869
-25.028725 8.854178
-7.0469704 8.709115
-32.38946 -1.9665864
-32.338238 -4.950333
-6.333549 12.974043
-32.364735 -3.439954
-23.830511 9.281349
-25.041344 8.126146
-31.659462 2.4788883
-27.335869 -0.6768548
-6.1274557 14.978156
-23.317024 9.142178
-3.6175003 4.6461735
-31.937033 -0.8727529
-12.048035 -1.1358457
-23.759108 7.2947106
-26.266092 -0.68187517
-1.9970378 1.9943317
-27.183088 5.863991
-9.832287 -1.1508238
-4.774854 2.5231133
-28.102835 10.502598
-17.958519 10.984357
-29.028318 6.2443175
-16.76023 0.57406026
-8.243303 0.97245467
-24.603426 7.3707547
-9.867681 9.452247
-8.118874 1.6974132
-21.474236 0.1112002
-6.6177 11.379946
-8.580342 6.732584
-27.986002 7.9763613
-5.6422257 6.882341
-6.42692 1.1442964
-16.969456 0.69379157
-8.829898 6.0435667
-34.98523 -5.119137
-16.026268 12.783974
-9.326313 0.8577589
-17.118507 8.197234
-14.91909 6.973095
-24.580954 12.586596
-9.926819 -1.483947
-33.285854 -2.2771227
-6.569803 0.578683
-32.566498 -2.6759136
-23.18377 6.5895543
-32.508434 -2.4167798
-27.930923 -3.5507855
-28.087664 -3.0702722
-24.898619 6.662422
-29.402954 9.622191
-32.49052 -3.4814668
-6.3277073 13.008443
-5.38969 0.092126146
-28.966757 9.006722
-31.556011 -1.9898225
-9.957852 1.9971002
-4.8001738 15.626112
-14.551335 7.1111236
-28.149426 -5.770314
-7.409164 3.1767905
-7.9860554 1.7970046
-11.519798 8.246979
-24.097286 10.613932
-26.485224 13.268086
-27.399342 5.4223857
-27.187456 8.295874
-23.93301 10.748606
-7.175525 1.1617907
-28.898262 -4.4180417
-6.927235 9.104138
-23.604603 12.4707
-28.356302 -5.0806103
-5.41999 5.972017
-18.899416 11.115438
-6.82393 1.2447814
-16.774776 1.4275364
-31.029665 2.2217329
-30.430326 6.9406295
-10.049237 1.9416097
-32.070934 -2.4492843
-30.106985 8.7176895
-15.340553 8.910982
-24.655817 13.76404
-8.24511 0.92273885
-27.841652 -0.50371504
-29.336456 -5.0923996
-28.812483 -2.8594296
-25.398472 7.640985
-5.5407214 3.233079
-33.024307 -1.6402266
-21.59883 9.331458
-12.433428 15.29115
-25.987612 5.3164387
-13.230279 16.101229
-5.5141115 14.873921
-4.581421 15.622082
7.3181653 49.665276
-7.732663 34.72196
-16.02338 42.969154
-16.073385 37.40511
-6.522538 49.70528
-5.5181994 18.363876
-5.650573 34.75102
-20.947836 45.137775
-9.693836 40.963074
0.2651551 30.96736
2.7042346 40.292862
-5.3681746 35.00525
1.0933831 21.985216
-9.555059 37.466396
-3.506836 38.13657
-2.5560427 40.010056
10.296649 38.651577
-0.83167946 50.572815
-16.97561 43.95722
-9.278923 27.752155
-3.902527 54.060127
-11.828293 43.61022
-10.978052 47.94494
-12.704704 50.18151
-11.299651 35.24792
-8.800396 45.413963
-9.194 38.5059
-9.24886 56.488926
11.591725 43.057632
-15.4527235 45.08917
9.721472 36.400665
-10.973954 26.941381
-6.6564574 40.83664
0.8725515 37.873318
0.38085827 21.58356
5.0403695 40.69326
0.9391397 50.330936
-1.8154469 50.73308
-7.750302 45.65497
-5.540102 42.159554
7.6009564 39.231934
-18.160275 48.98297
-7.2863035 48.77649
6.1285243 36.416855
-0.39882237 51.186855
9.240332 35.107964
-14.532892 41.2001
-2.846203 51.02361
-14.666232 44.336815
5.0319533 40.795982
-13.751005 51.900593
-8.74799 24.17293
-6.4504423 28.968922
-5.1653957 36.364082
9.519254 45.13108
-16.454332 46.20147
-4.5740356 44.01591
-17.978342 46.45358
0.55633533 42.188892
-9.328667 56.414318
-3.4153676 50.10486
-3.7887826 54.208435
4.600267 48.046204
-8.281933 41.78035
0.049842246 52.3565
-11.621969 53.15764
-14.860811 43.15028
2.6342075 38.27253
-4.254359 38.252113
-13.017539 49.328728
11.926323 40.6872
-16.831575 48.39222
-10.144817 51.856213
-14.126779 42.843
-20.471266 48.58351
-12.0295105 34.261635
2.8010921 40.02752
1.2345624 32.84458
-6.139469 31.516413
-4.047618 24.897207
3.9066076 36.369286
-10.868353 42.26639
1.6011558 38.665936
-8.199589 40.35329
-11.069173 50.273956
-11.132864 36.104305
0.15838465 50.051483
-3.8714063 56.542744
3.0728116 45.914055
-15.191538 48.40034
2.3925092 33.122833
-14.108619 50.81025
-9.933402 25.829645
0.25567907 31.688316
4.702727 48.029564
8.471039 34.933464
-0.25318655 48.787518
-9.536841 33.982414
-5.1552687 54.654934
2.9403687 42.169086
8.73063 42.295124
-17.781244 48.767204
2.0082555 35.79334
-10.999649 50.40277
0.58736336 36.406925
-6.902749 36.705753
-0.9398508 54.876213
-14.479289 45.848663
-5.540027 55.43857
-8.453064 43.73595
1.4522247 46.344814
-1.1131493 52.755806
-0.12187794 44.705017
8.056834 42.315487
8.614072 45.489693
-7.8884277 41.925858
-13.58154 42.670567
-6.3501964 29.990952
3.9707367 33.03561
-17.644484 40.991077
-10.814208 48.464287
-12.255469 33.877846
-13.775078 46.06319
-6.4781976 49.324883
-7.850453 35.77161
-7.4711404 20.035728
-5.986919 50.080658
8.430558 45.969147
12.510204 40.703243
-19.279154 47.32956
6.5655355 41.290337
-13.391421 54.763954
8.875247 41.390934
6.642848 51.038124
6.115203 39.25795
0.4212343 21.405117
-9.486723 40.878246
-16.39604 54.06974
-6.6139293 22.57419
-7.2586412 52.772797
2.3250084 28.335627
-7.8476067 50.69306
-1.6399728 55.001827
-1.6338702 29.48679
-2.4004269 33.625134
-16.005617 52.467995
1.6080061 52.538788
-0.68543166 29.900196
-4.9003687 48.42129
-10.070733 23.884289
-8.370263 36.627865
-17.236765 46.069458
-2.9645035 17.606445
-17.63342 45.56438
-18.976439 40.207287
-19.71931 40.40918
3.5756123 32.24166
3.5450222 44.963764
-3.9112573 33.299706
-1.7860506 38.27563
2.4587245 30.122124
-0.4197087 30.507395
-3.2020476 21.393166
-3.0525622 55.8757
-3.7510636 35.583416
-3.4061124 50.681854
-20.907875 45.1236
8.252068 46.20686
1.5484338 51.66035
-16.37842 41.810703
-6.362912 42.699738
-17.526924 41.526638
-8.937566 31.782211
9.925542 43.25976
7.5707436 40.258953
-12.484924 46.40924
-8.753549 32.309517
-0.57915306 32.79126
-6.666897 37.489727
-1.3245784 43.343445
-4.926386 32.054493
-15.852703 48.587368
-2.8138642 27.33032
8.4084 41.564392
2.8349402 39.271645
-0.9548872 36.492546
-9.737265 53.035
-11.18654 41.75093
8.785346 35.70794
-6.664933 40.783287
-2.965017 44.247032
0.7064535 42.15514
-11.580203 43.86726
-16.6564 41.639893
-5.519481 25.045631
-2.94354 17.548578
-18.591156 39.783546
-5.8332696 24.8186
-4.259283 36.329124
-0.60804033 29.881443
-13.103596 40.30235
-1.0373019 21.551802
-15.545697 43.352364
-3.8345408 52.157955
-10.325209 38.76292
-2.655444 34.149715
-16.010508 41.274242
2.3044333 28.321688
-14.193764 46.965374
-17.688515 34.576275
-4.6638503 44.054012
-13.277078 54.827084
-13.742346 49.916706
-10.6290245 46.884464
-1.67796 52.019577
-19.21643 48.693333
5.518558 38.675163
-19.390535 51.175602
-5.653652 48.569782
-1.4940728 24.905437
-19.254065 43.643574
-1.1615477 31.741076
-12.376441 50.63276
-10.417615 23.510302
4.3233886 38.19249
-14.958367 39.33702
-6.324662 56.330414
-3.9084468 38.82888
6.043734 50.149464
-12.802819 50.60204
-14.153092 49.750248
-10.968858 26.859365
-0.58509463 44.75833
-11.763478 44.700222
-0.004441969 22.44649
-3.3563256 50.827736
2.3804495 38.04395
9.203689 40.48505
-19.705343 46.619892
-1.8731534 48.98769
1.8609053 41.015434
-8.882452 23.95081
-2.640232 46.764744
-20.063862 42.046944
-14.632646 50.119198
8.302426 44.28181
-4.6680064 45.782604
7.6567626 36.234444
-9.761224 38.67753
-18.154482 44.126247
2.6283138 49.95157
-9.014533 36.077103
4.534203 29.648941
-10.020668 43.45873
-2.9027977 31.499405
8.881456 35.973186
-18.026175 46.63631
-6.391868 28.835289
-0.79638726 47.335785
-7.6656947 30.635494
-3.8988698 26.39348
-3.3440497 25.055695
-12.2137575 36.85619
-2.8115263 22.829895
-16.622593 44.131767
-0.5238065 33.56389
-52.660236 -35.385887
-10.024022 50.628708
-4.3874917 38.302464
-4.1776543 31.19591
-5.0055947 40.415695
0.25254562 41.00163
-2.4991057 30.469458
-5.7906775 30.88911
-9.276502 23.4258
-13.406961 51.662266
-19.880281 42.07574
7.4328437 38.129375
-0.21391763 44.707966
2.4884045 34.73235
-14.738088 27.366295
7.512128 33.041943
7.9050827 44.14773
5.4992614 49.148907
6.859389 45.14388
-0.9668812 41.092648
-8.596439 54.623295
-11.009575 40.065403
-10.150111 24.683727
-0.12654106 35.342617
-2.2605314 48.56894
-3.2091734 46.560856
-7.002515 46.460472
-17.067766 46.79033
-1.7631243 42.328785
-13.765033 41.70022
-2.794734 41.476162
-4.4311676 41.37313
-2.315621 34.61523
2.1394625 49.548313
-9.003367 24.295591
-2.9983988 37.032536
-9.746026 48.490032
-17.688656 34.575268
4.0982695 47.84748
-9.326153 25.505154
-15.690481 44.336918
-4.106069 33.201916
-13.838089 54.481796
0.46062812 27.432373
-6.808925 23.603703
-0.4785872 47.781624
-3.7223282 37.290817
9.163598 43.934544
2.9964705 42.152725
-14.613569 54.175556
-10.689281 45.10985
1.4291054 42.122635
-1.3246026 35.205296
-6.287288 32.082058
-7.556447 35.035267
-10.844684 24.870104
-7.1762834 25.334362
-12.330834 51.790604
-7.951314 37.63523
-4.7232037 45.838745
-13.790593 52.862976
-0.80162877 36.515015
-7.2008467 27.07743
-0.06869241 23.848625
-4.667698 41.50275
-1.2811788 44.97463
3.0848482 30.07714
10.139373 42.45915
-8.216596 46.856163
-8.608557 49.51639
5.380219 34.65605
1.5363044 27.358906
5.946441 39.211456
6.8289266 47.801792
-18.010118 44.482517
-13.34076 51.609005
-8.516519 51.0123
3.350959 32.92574
-13.5402155 44.463985
-8.353722 56.569996
-13.9720545 51.805744
-8.513467 25.884226
-7.870405 40.272636
-5.242897 54.92528
-1.2880481 37.50383
-11.623806 47.32546
2.6327205 35.495083
-7.1819453 43.287254
-4.99038 39.52681
6.5479164 43.95646
0.72284657 32.744556
3.4737997 36.294144
-12.301403 57.754963
-13.126928 49.370003
-1.161716 36.23326
-9.328661 56.41446
7.3799376 47.21866
-0.6680895 30.617437
8.646143 43.848545
-12.567458 53.293186
7.5823417 36.16014
-12.538644 42.441124
2.3108199 32.82446
-7.438249 24.032898
8.478723 43.053776
-3.704008 42.79599
-5.0160174 29.234844
-2.50332 23.970194
0.09851388 44.517532
1.9664845 49.520424
-17.90617 44.23991
-10.097808 43.470066
5.6126485 34.594585
-0.17663217 27.819345
0.12714046 31.945566
5.136756 39.615208
-11.245289 51.39332
3.4370224 45.79043
5.6129527 47.12361
-8.782842 34.656757
-1.1315842 49.464634
-2.4051352 35.33055
-6.6026006 19.497162
-7.404841 36.030212
-16.783756 43.767445
-18.916174 44.8572
-12.25924 45.473137
-13.112755 40.298813
-11.494531 53.316944
-2.639103 54.79693
7.0396276 43.2637
2.900526 44.22173
-0.18049717 49.381138
10.5631485 41.52611
-52.657616 -35.383797
-14.692067 47.463394
3.6162496 49.916355
0.46124297 49.806194
1.0828087 33.86565
-2.8976448 51.468403
4.3020988 49.02037
8.458823 32.706783
-4.1527295 34.652958
-1.8116703 24.928581
-13.560244 38.491077
1.76727 31.19367
-14.860618 47.468643
-3.955935 41.933987
-0.1734606 33.38508
-1.7337781 52.89609
-15.425873 51.36467
12.22022 40.682243
-8.526837 25.548353
6.874792 36.137314
-6.7714996 49.956234
7.288224 44.720734
-0.022260694 34.5751
-5.817997 18.475006
-0.33671653 49.445835
-1.5525845 38.060085
-16.069317 37.40568
-4.8271356 43.1405
3.2596745 32.82314
3.5545182 51.589584
-7.653641 20.137774
-18.05018 46.11994
1.4826748 46.393875
10.165577 45.20466
-17.099434 44.506783
-12.371898 46.512096
2.8702886 41.04436
-3.5204809 46.737385
6.6946783 34.84845
-9.79971 23.098381
-4.0795326 24.736364
-6.2826004 25.582369
4.73596 36.358143
-10.656131 38.356518
-4.070207 50.32213
-1.6317539 32.56475
6.0874143 33.20249
-6.0237174 44.470726
-16.43197 54.064266
10.255895 43.98209
-9.510744 26.193047
-0.4841533 39.74698
-17.099455 44.394985
-3.9180877 27.422705
-3.4556603 41.90009
10.312722 38.576862
-1.1804491 31.231106
-3.1228385 17.695967
1.376061 41.035484
-14.337195 50.52705
-12.305873 57.748276
-6.080301 38.638363
-3.2649972 55.93439
-4.464079 19.626417
-7.4674625 35.927307
-10.579124 49.91748
-6.790591 44.749966
-13.687931 48.407448
-1.7112513 42.267494
-3.943883 44.174946
-0.6303236 30.164288
6.6595674 48.378857
1.7798368 35.802372
-9.533972 36.7964
-9.7871475 53.279217
-15.874877 45.348896
-18.478975 17.21895
-2.5121477 23.550234
-7.3391714 48.476067
-4.975896 30.06037
7.3695855 43.185074
-8.95685 46.79321
-4.4446354 52.289772
8.111421 33.551506
6.890002 34.51908
-16.710384 42.63779
-7.2925076 34.51631
-3.112361 34.824833
1.8226568 48.723278
-4.5071325 49.60533
-11.802376 34.72147
1.7189065 34.870785
-11.432042 31.441286
7.127931 42.21527
8.255716 41.7731
-15.145193 45.22267
-11.2477045 46.395462
-5.1955376 27.050617
-2.7929964 47.366558
-19.355461 51.321743
-14.716315 42.41471
-3.509503 18.900034
2.7148142 41.34882
-16.280949 46.087128
-17.42801 51.339317
-9.0512295 53.856937
-14.098901 51.569572
-3.115209 52.098328
-9.2467165 56.386604
-14.87587 42.128933
2.3083518 39.1493
-10.707934 39.307167
-4.738588 36.769527
1.7561853 35.152237
5.905823 49.54584
-14.01685 44.323265
7.0651126 33.064747
-3.0720084 25.24377
2.9242775 48.97406
-12.292442 50.61599
-9.363731 23.371262
-12.281046 42.01762
-5.2387915 38.804604
-18.68807 44.841022
-17.82396 49.026524
-9.384718 28.106476
2.2205088 53.31608
-6.9842525 24.731201
-2.5708048 27.603418
-19.132187 41.8194
-0.055514574 38.552166
-4.2087994 37.692455
-7.3347535 42.487206
-8.749402 23.620007
10.887569 42.31998
-5.0633307 33.794888
-7.201934 22.575222
0.15273389 38.353615
-4.837804 46.143322
-5.1988764 37.347095
-11.887412 48.64412
8.150571 47.090523
-1.7964263 55.10185
-9.414727 52.76441
2.2875125 29.219362
-16.50042 46.03344
8.219693 32.885105
-7.236772 46.16309
1.9357729 37.817394
-4.3915215 30.015236
-8.57368 45.465477
-6.201019 19.38281
-3.96679 47.494545
-3.2485352 41.55211
-7.13335 24.766909
4.186091 46.68875
8.26622 42.29051
2.2161586 44.345806
3.4206474 29.855076
0.89507675 34.748184
-3.250484 45.68
0.7519056 39.823914
-15.286893 52.476566
-3.592098 18.907309
-5.889389 43.20211
-6.6713204 44.480896
9.476307 44.707066
-3.087897 45.950413
0.14150348 22.3649
-16.117136 46.1344
-18.310852 43.398285
-4.8434534 41.46177
8.669574 39.135895
0.012575628 51.649036
1.344857 30.238375
-9.089696 34.509674
-2.6552796 43.21999
7.585777 31.585821
-2.6929748 22.95702
2.9929473 32.42308
-11.814196 24.5854
-19.380718 51.43721
-15.181708 50.00128
2.9088244 31.569141
-16.307482 47.29164
-7.290163 52.780365
-4.3907676 38.288147
-11.136463 48.11107
-19.42884 48.761814
7.3323407 41.58828
0.22038846 36.02518
9.919071 34.70833
12.35747 43.61401
-11.032625 31.889748
-4.971961 30.46931
2.0226018 31.891407
3.798714 36.397648
9.479288 42.991444
-1.1099031 34.622852
-12.733379 48.465805
-1.7729274 53.178925
